9.377 7.278 3.832 2.716 1.472 8.706 3.259 7.712 9.637 3.288
1.058 2.324 3.485 3.125 4.684 3.397 8.232 5.456 3.389 8.278
2.748 1.288 8.771 4.152 2.035 1.989 5.508 3.948 2.038 7.314
1.399 5.873 4.408 4.2 2.788 7.131 1.713 9.195 7.032 2.459
5.634 1.224 3.813 3.702 9.62 1.471 6.525 5.112 2.44 9.842
6.786 6.334 1.67 6.677 3.726 5.964 8.426 6.009 4.403 8.251
4.336 7.732 3.478 2.248 9.312 9.942 4.424 8.809 1.669 2.176
1.026 9.072 7.617 6.134 2.867 9.355 1.626 7.39 7.703 7.867
1.995 3.802 9.534 6.29 7.957 1.514 7.549 3.275 5.207 1.821
1.415 3.181 6.971 1.065 4.649 1.456 7.335 8.833 1.879 5.161
9.454 3.084 1.213 2.666 2.04 1.728 2.761 6.326 6.288 9.548
8.648 6.018 1.319 5.091 2.172 6.79 9.359 9.471 1.57 9.923
2.728 6.167 1.002 7.45 7.782 6.086 2.941 2.734 8.487 8.32
5.478 3.982 2.992 7.386 2.074 8.502 5.394 5.448 8.58 5.117
4.249 1.918 1.487 6.991 3.796 7.083 8.135 4.087 4.273 9.219
3.827 2.075 1.704 7.521 3.108 6.596 5.365 5.578 4.559 7.932
4.613 8.815 2.148 9.402 3.82 6.692 5.562 7.049 6.811 6.784
5.907 5.355 9.757 1.588 8.253 3.11 2.645 9.322 1.946 3.786
3.959 1.726 9.395 5.675 1.823 6.959 5.543 1.113 7.611 9.483
9.594 5.517 8.125 5.58 1.241 3.8 8.384 6.626 8.665 4.63
