7.941 1.72 6.325 6.646 8.179 5.938 8.01 2.185 5.023 6.78
8.077 9.309 4.021 5.942 9.962 9.066 1.166 3.614 7.177 8.567
6.105 7.859 1.049 7.969 3.494 9.626 4.307 9.176 9.882 1.514
5.761 4.431 1.808 1.987 7.36 7.832 8.557 8.292 1.144 3.811
5.608 9.518 9.279 9.828 7.578 6.583 4.307 4.571 5.206 6.575
2.544 3.907 9.002 9.116 3.06 7.7 9.01 6.987 6.7 7.06
8.45 1.626 2.769 5.119 1.491 5.839 6.832 6.473 5.541 6.753
5.48 2.693 2.921 5.147 6.187 1.908 8.575 5.336 5.711 3.189
2.149 5.717 8.632 3.38 2.499 9.117 6.789 1.133 5.342 9.309
3.767 1.121 9.98 4.056 6.528 3.686 4.453 3.293 7.363 2.894
2.965 4.632 7.041 7.729 8.99 3.048 2.857 3.348 4.469 6.959
1.428 4.876 7.885 4.186 7.118 5.029 5.107 2.933 4.239 8.488
7.599 7.973 7.648 4.673 3.955 5.987 7.069 8.66 3.309 6.217
3.863 9.451 2.288 1.617 1.093 9.85 6.015 7.386 8.977 8.659
7.493 6.345 7.595 5.229 1.839 5.821 9.481 1.464 2.261 9.126
1.909 8.204 1.289 5.872 8.25 9.77 9.609 2.726 5.418 7.242
9.204 9.083 2.458 3.89 8.494 8.507 4.016 4.691 5.141 1.174
5.683 6.632 5.314 8.98 3.116 4.617 1.918 7.776 3.527 4.031
9.712 4.7 7.116 5.994 1.297 4.931 5.203 4.432 4.37 6.671
9.626 3.722 2.005 9.602 5.221 4.433 1.004 6.843 6.292 2.411
