5.373 5.935 6.544 8.864 7.759 8.468 6.669 2.849 4.592 2.182
5.032 3.587 4.346 3.612 7.82 3.997 6.033 3.72 1.436 9.021
5.831 9.378 8.426 1.621 5.09 9.99 9.44 3.449 7.654 4.658
7.548 5.9 1.266 4.601 2.17 7.408 7.555 4.255 4.904 7.021
8.476 6.886 6.365 6.776 7.847 5.76 9.684 2.293 5.578 4.098
2.452 2.804 2.139 1.614 3.908 9.356 4.45 6.93 6.097 1.192
9.034 1.843 7.204 2.194 5.173 5.09 4.578 5.485 4.854 3.123
2.276 8.324 4.815 8.966 2.44 3.79 9.749 2.724 3.448 8.715
3.54 2.152 8.521 5.699 6.432 3.393 7.608 2.777 2.421 1.582
9.774 8.252 9.825 5.56 3.3 9.722 2.31 5.431 2.945 9.65
7.009 3.947 9.288 1.978 9.004 5.972 4.885 8.633 9.374 4.237
9.785 7.016 2.403 5.475 1.103 7.522 1.819 1.106 1.529 6.231
8.48 5.641 5.968 1.553 4.601 1.504 1.063 1.542 6.637 6.316
8.594 7.431 3.231 7.478 2.668 6.781 8.831 3.062 8.736 1.958
8.407 1.848 1.37 3.677 1.374 9.417 8.513 9.819 1.406 5.164
3.775 1.103 3.723 4.343 3.135 7.433 6.221 9.318 3.169 4.617
8.379 9.536 9.616 1.269 3.8 5.516 9.318 3.915 8.395 2.808
8.205 1.017 9.291 5.794 7.353 2.802 7.769 6.257 1.422 7.929
6.305 8.221 2.122 9.276 1.324 8.753 8.573 6.149 5.099 1.771
9.238 5.178 7.145 4.067 3.54 7.502 3.005 9.053 4.876 3.381
