9.581 3.083 1.381 7.553 9.332 9.496 5.436 8.55 7.001 7.792
9.379 8.332 4.782 7.975 1.689 6.54 7.851 7.469 6.056 2.617
5.843 3.921 6.458 9.478 6.144 6.798 5.093 1.044 2.915 8.005
7.948 1.182 7.456 2.836 6.626 5.328 9.085 9.447 4.852 2.089
7.117 1.289 7.03 4.059 5.386 9.238 2.889 8.531 3.583 7.743
1.143 2.08 7.786 8.048 2.729 4.198 6.161 9.41 9.786 5.767
8.217 9.084 7.655 9.5 6.453 4.239 9.675 4.129 3.971 0.022
8.71 1.12 7.147 9.986 3.814 1.376 6.564 0.141 2.148 0.591
0.527 2.622 3.223 4.423 0.295 5.947 3.925 9.763 2.205 1.963
0.242 1.012 7.782 5.171 2.144 1.746 8.04 0.348 9.675 3.023
7.724 8.895 9.687 0.816 6.164 3.032 6.641 0.501 2.825 9.346
2.12 3.142 8.557 0.012 0.718 4.121 9.775 6.876 3.354 4.828
9.922 5.693 5.547 9.378 6.103 0.051 7.096 1.979 3.719 7.845
9.013 6.024 7.169 7.431 2.273 3.805 7.303 2.09 3.056 0.097
3.224 6.353 6.04 2.317 1.93 0.41 0.804 6.606 2.428 4.692
9.956 3.1 1.42 6.498 0.074 5.448 4.901 8.856 1.732 0.955
5.791 8.677 9.543 6.007 4.666 6.394 3.451 0.778 3.97 3.546
7.978 5.259 7.081 8.193 6.794 5.995 3.441 5.711 1.051 0.252
8.257 6.21 7.873 8.025 5.461 8.964 6.888 5.988 1.712 0.295
4.28 6.691 6.108 7.061 5.681 2.452 1.199 4.261 3.632 3.689
