9.36 5.009 0.635 0.68 8.744 1.333 2.996 0.574 3.136 8.487
7.745 2.131 8.131 1.028 4.169 5.864 7.119 4.039 8.476 4.642
4.622 1.245 8.396 1.923 2.659 9.438 6.51 1.634 3.357 8.469
3.704 8.612 8.338 5.025 7.24 0.985 3.595 6.9 9.146 9.018
4.519 5.229 4.482 0.86 6.109 7.578 1.83 0.031 9.365 0.156
1.916 6.782 5.361 5.27 7.005 2.29 8.652 9.925 3.301 5.224
6.44 5.749 2.342 4.912 7.215 4.75 5.804 7.706 4.988 0.834
1.413 2.2 0.967 6.933 0.209 3.296 2.822 3.904 5.74 0.105
8.577 9.899 9.112 1.954 0.76 4.858 0.816 8.276 8.724 7.638
2.116 6.231 3.887 9.779 4.872 3.221 1.902 0.905 9.652 9.487
5.273 2.841 6.75 9.706 0.634 0.362 5.803 0.594 5.883 5.855
6.697 1.937 3.583 0.352 4.498 6.52 6.903 4.15 4.107 0.496
4.02 4.268 0.744 4.875 5.087 1.817 4.992 4.618 4.982 6.662
5.91 3.517 6.806 0.024 9.158 0.707 8.561 7.767 8.488 6.499
3.375 9.287 7.929 7.649 7.06 8.36 2.652 7.771 8.143 4.602
4.134 0.945 7.802 5.309 0.124 6.806 4.726 5.956 2.393 7.852
6.874 4.728 5.063 9.623 3.267 7.765 9.442 7.171 7.169 1.021
3.997 3.814 5.052 7.512 1.374 5.061 8.417 1.13 8.524 2.89
0.337 2.079 6.87 2.66 2.352 1.267 9.213 1.134 4.005 6.498
6.425 3.712 3.774 4.891 5.922 3.981 1.44 4.646 6.276 8.932
