5.067 3.76 6.238 7.861 7.922 8.84 2.807 4.499 3.838 2.215
6.802 2.537 8.771 5.625 8.065 3.42 9.325 4.017 6.58 8.93
7.512 5.25 5.381 7.767 1.754 8.424 7.62 6.582 5.277 8.03
8.46 1.005 5.325 7.413 7.406 5.316 4.508 4.391 8.426 2.22
4.583 1.581 3.301 8.897 2.227 8.279 5.07 2.875 3.828 9.51
9.606 7.656 6.628 6.657 2.319 3.543 9.944 9.828 4.682 4.892
3.611 7.077 2.154 5.422 7.259 6.659 5.731 8.298 5.31 8.081
8.991 7.88 8.31 1.289 1.387 4.238 2.859 4.678 1.114 8.928
3.911 3.276 7.131 1.478 1.188 4.357 6.337 8.59 4.617 6.782
7.413 4.195 8.388 5.459 4.062 5.934 9.223 7.967 8.873 6.372
8.194 8.34 7.294 3.294 9.093 3.298 2.419 4.164 1.452 2.754
1.164 7.471 6.163 6.861 3.466 9.306 9.245 1.17 4.637 1.452
7.898 7.224 9.393 8.728 1.071 3.5 9.677 6.107 7.028 7.672
6.588 4.783 5.945 5.559 7.073 5.527 9.585 2.153 6.679 5.683
9.907 1.464 9.513 2.965 9.889 1.682 1.181 7.705 8.875 9.405
8.123 2.401 1.614 4.946 3.397 4.1 1.189 9.225 3.192 3.299
1.755 5.855 5.392 3.244 4.872 6.316 6.072 6.628 2.875 9.077
8.814 8.047 6.223 5.361 3.32 9.823 6.85 4.426 5.785 5.709
9.209 5.529 2.199 8.448 7.204 2.364 4.104 6.708 9.157 5.926
7.229 6.439 8.822 6.927 7.511 3.355 6.164 6.733 3.49 1.787
