6.566 3.657 7.205 5.57 6.028 6.304 0.959 5.537 8.005 7.907
5.952 0.146 5.52 4.191 3.164 6.864 1.548 1.967 3.222 4.937
0.519 3.001 8.268 2.088 5.645 0.638 7.375 8.881 6.441 1.195
5.954 1.927 3.152 6.397 8.645 9.769 9.518 9.766 7.434 9.192
2.613 6.889 5.136 0.247 0.009 4.089 1.4 6.049 0.718 6.415
2.723 4.392 3.625 7.222 1.604 6.994 8.466 7.941 6.948 6.49
3.409 0.221 3.356 2.267 5.615 9.266 5.604 9.68 9.652 3.077
3.218 5.132 1.955 3.557 5.535 9.819 4.563 7.762 2.719 1.148
3.192 2.722 1.979 8.836 8.59 5.781 4.539 6.485 7.139 3.91
8.99 4.424 3.824 3.639 4.766 7.451 8.964 3.758 0.854 1.311
6.446 8.727 4.731 3.43 2.593 5.816 0.404 4.844 9.063 5.244
2.56 8.819 3.728 5.302 4.844 3.472 2.087 2.999 0.472 5.386
8.427 7.308 4.095 9.778 1.734 8.045 2.043 3.058 1.209 2.306
1.743 7.974 3.283 8.793 2.918 4.98 2.473 8.182 0.89 8.992
5.69 6.895 0.461 0.474 2.286 2.769 0.447 4.958 3.826 0.989
6.423 6.199 5.573 0.091 5.089 8.343 9.59 6.421 2.816 2.905
7.947 1.707 9.053 3.679 0.285 1.278 8.875 6.405 7.529 3.244
7.615 8.032 2.683 8.012 0.284 0.27 8.486 3.971 7.748 4.255
3.729 1.098 4.756 7.486 9.158 9.058 8.703 2.328 4.471 8.715
7.918 5.717 1.097 9.645 4.849 9.983 6.183 6.702 8.494 3.954
