2.86 9.144 8.238 8.65 2.334 9.785 5.575 4.015 2.929 7.411
5.528 1.824 7.065 3.098 6.596 4.593 9.063 7.119 7.928 2.435
5.814 1.252 7.728 1.312 5.393 9.634 6.556 1.625 8.524 1.681
7.547 6.548 2.649 6.425 7.971 2.717 2.131 3.83 9.728 3.343
6.401 6.817 7.459 1.753 9.082 4.764 6.735 6.802 2.474 9.505
6.868 3.343 6.5 9.513 9.84 7.77 7.842 6.491 2.725 7.556
9.762 8.034 3.76 8.826 5.01 1.636 8.53 6.867 1.022 4.468
7.576 6.06 2.424 7.06 9.922 1.54 6.029 3.881 5.424 6.757
9.442 7.905 4.447 4.575 8.564 3.271 8.579 1.188 8.166 9.119
5.085 7.891 7.194 2.753 3.435 6.566 4.723 3.103 7.983 2.769
7.449 6.04 8.857 7.685 7.308 6.709 5.043 4.487 6.108 7.654
2.414 2.991 4.44 5.959 4.714 6.523 1.299 4.02 4.196 9.349
2.386 5.389 5.324 2.996 3.345 5.236 6.593 6.898 3.554 9.397
4.813 2.375 8.735 9.884 6.066 6.326 7.721 3.471 3.059 3.76
1.057 1.043 8.076 8.146 5.708 4.777 4.999 7.45 4.824 9.134
4.324 4.607 5.072 2.494 1.186 3.372 4.142 8.941 6.118 1.109
9.663 3.69 3.827 4.694 4.019 9.846 1.321 6.094 9.67 8.292
1.406 6.264 2.222 1.393 8.057 5.175 3.789 7.744 5.864 3.412
3.662 2.869 8.288 9.878 8.662 7.324 8.822 1.709 3.872 1.23
6.719 4.095 7.466 8.261 5.382 7.064 5.964 8.749 1.538 2.959
