8.555 5.785 3.186 2.554 1.408 6.856 1.037 7.805 9.334 4.038
7.468 8.777 4.322 6.536 8.372 4.67 1.926 5.597 6.896 1.002
4.655 6.531 5.799 8.784 1.852 6.165 1.019 4.231 3.948 7.123
8.009 6.543 1.842 8.391 9.484 9.331 7.78 7.76 6.605 8.737
6.421 1.837 7.407 3.746 2.143 7.887 8.623 3.851 8.848 9.792
6.606 4.245 2.307 2.274 9.891 9.951 3.424 6.543 1.442 4.388
8.845 8.685 8.342 5.136 5.101 5.483 9.396 1.501 8.385 3.766
8.081 4.253 4.673 7.745 9.889 1.736 6.042 4.037 5.831 4.671
9.797 1.305 4.483 4.337 6.086 1.052 3.725 7.858 1.226 7.283
9.718 1.083 1.365 3.686 5.995 6.466 6.625 9.426 3.193 7.51
1.04 8.16 1.968 5.338 5.23 9.282 2.048 9.686 4.86 1.427
2.42 3.536 7.584 7.587 7.803 9.192 3.561 7.448 7.158 8.804
1.267 2.416 7.263 9.881 2.097 7.837 9.396 7.723 3.774 3.134
8.588 3.944 4.041 9.298 1.215 6.373 8.291 4.28 2.552 9.819
3.625 1.801 8.38 7.211 4.417 2.445 6.983 1.927 7.848 7.07
5.612 9.768 1.689 5.477 9.014 7.919 4.819 9.89 8.708 5.416
1.709 1.193 8.477 8.197 5.181 8.502 7.969 7.434 4.563 7.952
3.46 7.137 5.944 6.296 3.776 3.729 7.582 6.51 6.605 5.05
8.981 8.926 6.767 1.308 8.495 6.055 3.876 9.126 7.015 2.269
4.813 1.779 8.922 4.881 7.251 9.691 7.682 6.152 7.386 5.37
