3.489 9.157 2.565 1.71 6.07 9.893 3.184 5.641 5.598 1.021
6.923 8.216 8.546 4.366 7.43 3.272 5.516 6.35 1.918 9.362
8.887 3.617 2.596 6.611 1.07 0.824 6.773 4.166 8.457 8.906
9.528 7.341 7.37 6.669 5.409 0.589 0.101 8.094 4.641 7.283
7.63 4.716 3.551 6.83 4.562 0.958 4.598 7.746 2.255 6.248
5.289 9.583 3.765 9.92 8.567 0.412 9.149 6.184 3.759 5.318
9.176 9.464 4.514 9.19 1.557 6.973 0.898 0.047 4.318 5.479
3.187 6.022 2.827 4.794 7.461 6.751 1.247 6.227 2.539 0.249
7.089 3.566 7.033 7.013 0.722 8.883 5.785 6.098 7.075 4.069
6.515 0.952 3.784 4.299 8.671 4.421 8.189 9.593 0.49 4.281
6.582 3.755 5.269 7.759 2.426 6.645 4.551 5.808 4.843 6.574
9.402 7.546 4.374 6.751 0.246 4.544 2.838 3.598 3.825 0.804
0.685 5.004 8.199 9.996 2.197 9.77 4.882 0.605 4.731 0.434
5.211 6.554 1.936 5.812 2.685 9.274 0.448 0.593 8.449 3.392
6.889 5.206 4.366 7.673 2.175 9.5 7.154 1.998 4.511 4.551
8.026 6.429 6.53 4.508 3.4 6.392 9.592 6.263 8.256 5.365
4.591 9.851 1.293 2.567 9.782 2.032 1.737 8.267 2.481 0.207
6.207 2.823 6.867 2.947 4.354 4.11 6.475 3.48 5.163 0.486
7.957 2.682 9.7 9.563 7.504 9.006 4.702 4.407 5.51 1.83
1.705 4.983 8.869 4.32 6.818 8.973 0.644 9.826 6.795 6.034
