3.711 0.606 9.79 7.568 2.747 3.66 9.028 3.071 6.31 8.51
7.441 1.159 5.247 8.798 0.281 3.405 1.093 5.432 9.028 4.329
7.556 4.788 1.712 9.932 8.59 7.045 9.03 2.549 8.516 8.095
9.191 6.052 8.832 5.064 5.902 6.082 5.535 8.281 1.704 5.48
3.828 7.999 4.917 1.111 1.879 1.095 0.303 0.72 6.257 4.55
1.589 1.922 8.549 5.794 2.278 5.115 3.846 7.36 1.169 0.631
8.965 1.987 9.832 2.103 1.102 7.565 5.577 8.252 5.472 7.616
3.327 4.865 8.217 7.356 2.463 0.921 4.626 4.297 1.586 2.277
7.284 0.637 8.973 4.989 2.586 2.574 6.515 2.475 0.705 8.031
0.099 2.451 6.469 6.423 7.472 8.467 5.035 3.033 6.507 8.463
7.264 3.533 0.684 0.958 1.745 0.815 4.138 9.174 1.561 9.965
2.553 5.755 3.869 3.696 1.038 6.231 4.975 8.703 2.837 6.696
0.258 3.052 5.254 6.477 7.695 0.444 2.347 0.196 6.236 0.668
2.35 2.715 9.134 5.515 4.834 8.22 9.142 8.986 5.069 9.688
4.6 1.908 2.998 3.389 7.886 4.792 1.798 0.421 8.858 6.245
5.001 6.849 2.649 9.622 8.123 6.003 7.569 5.57 4.74 7.021
6.384 2.937 7.422 1.385 9.645 3.104 2.587 2.574 0.808 2.522
2.706 8.974 4.894 8.924 1.316 2.904 9.614 9.358 2.001 2.83
0.329 3.476 3.393 4.492 4.164 6.853 4.099 3.822 7.529 6.696
0.327 0.689 1.541 5.511 4.845 3.122 1.951 1.004 5.91 8.565
