8.707 2.715 4.357 8.468 5.039 3.961 8.195 7.282 6.99 9.403
0.556 8.302 0.159 8.769 6.657 1.611 5.367 9.593 5.718 9.757
1.858 1.49 9.456 3.656 9.672 1.248 8.964 3.994 7.803 6.207
9.815 2.968 8.862 4.53 7.125 0.735 2.922 6.78 1.269 0.132
9.941 0.792 2.252 2.52 1.903 9.998 7.412 0.516 7.681 5.161
5.083 4.672 8.846 5.597 6.379 8.019 2.117 2.67 9.831 6.19
4.773 4.522 8.518 5.472 2.563 5.388 4.822 1.698 3.958 8.456
5.839 1.978 0.015 6.988 0.304 8.139 2.955 0.974 9.706 8.806
6.126 8.288 1.467 5.973 5.72 5.959 2.427 8.556 6.211 3.063
1.51 6.07 5.727 3.753 0.104 6.009 8.887 6.733 9.705 4.608
6.382 2.171 5.544 4.914 4.834 1.981 8.127 6.664 4.944 1.086
1.565 3.374 3.322 1.675 4.73 4.222 7.707 5.568 8.113 3.463
4.205 6.751 3.982 5.343 9.442 4.046 4.735 0.68 1.895 3.898
9.45 8.268 0.529 0.337 3.159 9.578 6.344 2.727 1.815 2.194
5.159 9.446 4.696 3.484 1.765 0.709 6.375 4.29 9.756 7.248
8.753 3.936 5.569 8.726 9.382 3.998 5.692 3.051 6.015 6.38
9.239 4.605 9.598 8.857 4.443 0.011 2.193 4.666 7.863 3.973
4.646 4.96 5.793 2.951 9.756 1.203 8.894 7.121 2.934 1.603
2.033 6.067 1.218 1.3 5.711 7.589 3.417 2.63 0.426 3.381
3.708 0.737 1.803 0.181 7.682 7.294 9.715 3.934 3.454 3.673
