5.948 4.547 6.791 5.651 2.097 6.952 3.931 3.497 3.053 8.757
6.693 2.033 6.536 9.728 2.786 2.657 9.439 4.669 8.905 6.638
3.964 8.274 3.465 5.687 6.791 9.58 3.038 3.862 3.089 9.347
4.131 6.276 4.805 2.437 8.526 4.112 9.82 8.606 8.387 6.504
2.322 5.126 8.466 1.962 5.228 8.435 5.198 7.896 5.424 4.326
5.496 8.453 4.037 2.102 6.878 5.371 6.112 7.881 9.636 3.121
1.661 6.074 7.012 6.132 3.639 3.008 1.768 9.019 9.866 7.018
8.283 9.952 6.11 6.388 8.772 5.419 3.475 7.133 3.431 9.387
9.544 3.934 2.97 8.208 3.657 5.881 7.194 8.662 8.921 5.57
2.141 2.07 9.996 7.608 5.193 5.033 9.904 8.76 6.518 5.433
7.755 7.52 3.678 6.527 6.168 4.639 7.818 3.094 7.117 6.143
5.925 8.698 2.11 8.776 5.702 3.319 2.385 8.464 5.928 6.127
6.163 6.58 9.143 6.907 5.17 1.257 7.747 5.47 6.613 3.131
5.239 6.466 7.946 2.039 3.478 9.559 7.009 9.228 2.143 9.041
6.351 2.568 7.359 8.955 3.697 8.971 9.968 5.55 9.623 4.663
2.486 4.17 6.655 5.531 8.644 5.239 3.305 8.585 9.04 9.681
7.342 4.909 9.185 4.709 4.718 2.704 3.059 3.879 6.951 2.332
3.812 9.87 9.886 6.168 4.18 3.262 9.09 9.971 1.859 6.612
9.422 8.801 6.601 2.321 5.598 6.857 3.633 5.218 5.949 8.242
1.243 4.316 3.318 4.826 6.378 7.877 6.055 6.696 4.125 2.948
