9.126 3.934 3.379 1.751 1.848 2.345 9.694 3.477 4.397 8.766
9.598 1.192 9.216 1.399 6.313 6.978 6.925 2.586 5.161 1.215
1.627 7.302 6.285 6.91 5.524 7.317 3.614 7.862 4.943 5.627
2.46 6.834 9.317 9.574 2.746 6.334 1.437 3.045 9.816 5.973
6.734 1.295 6.625 8.601 7.763 1.102 4.457 4.261 9.899 3.0
3.234 6.934 3.72 3.509 3.701 6.473 4.66 9.216 5.247 6.287
6.959 6.421 6.718 2.191 7.467 2.545 1.795 4.2 8.089 8.767
2.954 4.29 1.745 4.146 9.961 4.544 4.92 1.038 8.963 6.163
5.77 1.81 9.338 9.871 7.817 2.708 9.189 8.988 8.824 2.434
6.29 2.481 3.726 5.101 1.441 8.231 6.701 1.233 9.094 6.208
6.817 5.316 6.921 9.507 8.248 4.7 9.099 5.295 7.297 2.266
5.801 4.021 8.111 5.677 6.975 4.435 9.544 5.185 1.021 8.036
2.846 5.213 3.132 5.757 9.143 6.785 5.476 1.108 7.085 9.404
9.036 3.913 3.08 6.291 7.3 9.588 4.225 9.559 9.321 6.255
8.029 1.059 4.236 3.388 7.316 1.613 8.275 6.51 8.006 7.024
2.426 4.35 2.816 7.933 9.574 6.286 6.75 4.94 3.269 6.837
7.592 9.543 6.347 4.809 8.718 3.789 9.892 7.051 1.731 7.935
6.771 2.851 8.818 5.598 1.549 3.515 2.736 2.018 3.375 9.771
9.803 5.907 2.884 4.356 4.544 7.017 2.726 8.071 4.311 5.454
2.395 3.034 6.677 2.251 6.161 5.683 9.082 1.466 4.029 1.402
