5.781 1.789 1.569 6.31 4.142 7.834 4.462 9.102 1.054 6.37
7.052 8.212 8.21 2.081 3.397 7.239 5.585 8.865 8.854 8.79
8.437 1.429 7.312 5.914 1.497 3.354 2.047 2.961 6.6 6.16
8.694 2.835 6.36 5.941 7.25 4.182 9.579 1.037 9.058 4.842
6.142 5.392 6.827 8.934 7.203 4.939 2.984 3.618 3.23 5.388
9.811 7.743 7.468 6.929 3.546 8.722 8.57 5.394 5.138 4.404
8.419 7.535 9.961 5.07 1.121 4.796 3.898 3.554 9.662 1.244
3.623 7.364 7.377 3.025 2.587 4.325 9.595 8.979 7.77 6.668
2.651 4.128 4.035 2.993 6.034 1.509 8.36 8.241 5.711 9.916
4.288 3.578 5.259 4.004 1.417 8.696 7.033 9.151 7.101 6.985
6.139 8.581 8.565 2.117 9.305 4.544 2.062 7.7 6.211 7.991
6.662 1.622 7.065 9.975 9.776 3.852 7.14 8.463 8.626 2.22
8.963 5.032 9.582 4.639 1.549 8.197 6.451 5.76 8.381 4.636
7.048 5.515 9.416 6.401 2.235 4.378 4.199 8.633 1.705 8.059
3.63 1.091 6.964 5.887 2.677 9.977 4.34 2.97 1.133 8.935
3.14 7.259 1.23 3.779 1.385 4.818 6.891 6.133 9.335 1.95
9.048 9.626 6.787 8.752 9.923 4.928 9.256 6.131 8.505 4.93
8.011 4.25 6.145 3.192 2.181 3.808 1.497 2.835 3.014 5.367
8.991 5.572 5.837 8.388 5.703 1.84 6.352 2.642 8.729 9.782
8.866 7.003 5.745 4.644 1.208 2.437 4.435 3.925 2.809 4.226
