5.617 8.064 6.878 9.865 6.015 8.049 1.721 9.089 9.36 2.421
4.935 6.635 9.21 7.298 0.823 6.157 4.192 8.622 3.824 4.296
6.121 5.839 7.449 6.146 5.685 6.039 3.864 5.151 5.434 6.677
2.601 4.48 7.758 3.474 7.951 3.999 2.252 6.789 2.576 3.602
1.048 3.131 1.354 6.854 2.363 1.14 2.579 0.319 6.101 7.616
6.406 1.542 7.11 5.798 6.417 3.42 7.943 3.951 2.127 3.566
3.717 6.294 1.978 9.689 2.315 6.421 4.952 1.636 2.53 4.098
6.067 5.653 8.507 2.235 4.458 4.873 8.478 0.213 7.852 9.223
8.849 7.992 1.952 0.494 0.324 7.125 4.63 2.847 5.752 2.524
0.883 6.558 9.941 0.633 9.668 1.501 9.862 6.504 2.579 3.876
4.574 2.366 8.892 4.217 7.684 5.59 9.505 8.134 7.835 5.279
4.036 3.438 5.456 0.081 0.346 9.028 7.929 1.118 4.961 9.084
6.893 6.223 6.367 0.08 3.763 8.764 9.825 8.435 3.717 4.459
0.865 8.55 0.451 8.432 6.084 1.204 0.841 9.895 0.096 4.323
0.182 6.647 9.32 1.158 1.527 2.684 5.368 8.442 5.493 7.476
5.882 8.583 5.691 5.745 4.036 9.114 9.996 6.937 5.406 2.474
7.838 0.754 0.978 9.409 5.166 8.886 2.169 7.166 9.332 9.069
1.739 6.254 9.058 6.643 9.908 0.618 7.994 7.024 4.905 0.043
5.113 5.507 5.076 5.873 6.479 7.247 6.43 7.75 6.996 2.386
8.727 4.381 1.472 8.838 9.821 3.045 0.273 2.196 6.343 1.109
