4.966 7.496 0.451 6.576 1.244 4.822 3.267 2.47 7.61 4.415
5.471 4.879 9.879 1.924 8.069 8.74 4.91 0.132 9.628 4.035
7.762 6.066 2.466 4.668 3.726 6.389 0.615 2.805 5.201 4.975
1.322 1.865 1.612 1.284 8.101 7.621 7.206 0.32 5.031 0.888
7.732 8.394 1.25 4.278 8.424 1.338 5.426 1.852 3.321 8.939
0.741 0.03 5.223 6.125 4.839 1.581 6.535 1.838 0.741 1.977
4.121 2.56 5.998 0.523 8.964 4.573 5.449 2.833 3.392 5.465
6.523 3.073 3.601 9.905 3.287 4.56 4.804 2.266 9.67 8.347
5.894 2.618 9.552 6.795 8.125 1.095 2.894 9.493 9.976 2.43
9.874 2.457 3.633 6.395 1.755 3.783 0.629 0.39 5.638 5.943
8.475 5.01 2.996 9.083 0.295 0.333 6.004 3.71 7.596 3.871
6.831 3.197 0.331 8.942 0.219 6.922 1.951 1.028 1.609 0.256
4.925 6.019 2.66 5.089 0.038 6.346 4.71 8.229 4.828 9.085
1.729 5.777 7.363 9.32 5.028 4.55 2.124 6.488 4.734 8.736
0.723 4.578 3.01 0.373 3.163 5.05 9.95 4.113 9.918 3.184
2.178 4.689 5.34 9.896 1.979 6.91 8.156 3.87 6.655 1.984
1.015 2.074 6.206 4.865 6.007 3.447 1.817 7.534 1.964 3.81
6.113 9.643 7.12 8.242 1.544 2.176 7.565 6.925 5.349 4.514
4.76 8.8 9.174 9.267 2.1 6.45 1.035 7.135 8.901 0.291
6.401 5.225 4.755 4.752 8.684 7.703 2.749 7.173 8.618 5.736
