2.413 5.387 6.664 1.656 3.332 0.448 3.874 8.465 1.692 5.327
9.299 2.42 3.117 3.474 8.683 8.179 7.878 3.064 1.872 9.333
6.149 1.44 9.713 5.345 9.352 7.946 2.764 1.794 9.944 3.149
5.12 8.599 1.71 0.106 6.708 3.297 3.856 9.618 1.623 1.279
8.051 8.863 2.92 9.477 0.616 8.545 9.68 1.752 7.565 5.583
8.756 6.09 6.325 0.806 9.538 0.76 8.491 9.714 9.926 6.463
0.925 6.165 5.471 1.02 3.174 6.113 3.45 6.406 4.473 0.413
3.562 4.451 5.406 1.63 4.673 2.469 3.638 5.978 7.633 7.636
1.85 3.557 2.836 5.721 4.673 7.423 4.521 5.355 8.289 9.108
6.104 0.925 8.137 6.32 0.392 6.468 0.867 4.4 0.98 5.588
7.438 9.381 4.221 2.953 9.158 7.894 0.681 9.547 6.622 5.943
6.451 8.754 6.657 9.873 8.095 4.294 1.011 4.286 3.837 5.81
8.808 9.856 5.122 3.471 4.065 4.868 4.182 7.114 9.0 3.057
1.716 5.072 0.254 6.488 3.465 5.771 9.098 8.956 2.059 6.512
4.34 9.747 9.715 5.251 5.79 5.099 9.979 4.843 3.585 1.152
6.003 0.597 3.815 9.976 9.261 1.506 2.956 5.223 7.548 5.716
6.633 0.164 2.117 4.002 4.941 4.913 5.313 8.333 2.161 5.019
8.099 8.943 0.146 8.849 3.287 1.913 7.98 9.869 0.419 2.234
2.724 2.158 3.336 2.664 4.468 1.852 8.796 4.226 3.208 6.398
9.004 6.478 9.236 6.812 7.173 7.038 3.025 8.162 5.328 9.541
