9.122 7.032 9.158 4.647 1.325 6.227 5.991 9.465 8.379 2.673
5.054 7.383 8.021 8.024 5.081 5.197 1.635 1.924 3.284 7.199
8.978 3.867 8.729 1.091 5.703 1.134 9.349 9.631 4.16 2.413
1.65 5.053 4.665 2.553 3.142 7.313 2.707 5.005 9.947 2.621
4.148 1.722 5.475 3.21 2.412 4.541 8.011 1.736 3.243 8.916
5.181 2.622 5.051 4.87 8.761 2.015 5.116 3.977 2.528 1.405
5.851 5.253 4.972 3.602 8.295 9.211 5.775 6.596 6.024 8.382
3.408 5.826 7.484 5.607 7.2 9.06 5.091 9.13 6.837 5.684
2.651 7.477 3.472 3.252 1.745 3.841 7.628 9.085 4.919 5.922
8.874 2.356 1.438 2.227 9.282 3.261 5.878 4.002 5.864 3.344
9.7 5.314 3.9 6.374 3.678 5.144 2.804 7.657 6.074 9.825
9.23 1.419 1.115 9.366 3.948 4.151 7.91 8.561 1.608 5.963
8.316 7.883 1.403 9.522 6.26 2.69 5.206 4.43 7.022 5.292
3.515 5.481 7.729 6.648 9.722 7.296 5.165 1.993 4.896 9.993
3.209 7.503 7.46 4.564 6.777 3.354 4.101 9.676 8.822 9.65
4.558 8.375 9.694 3.264 5.611 2.721 7.808 2.281 7.53 2.971
5.973 3.536 3.285 4.585 7.949 9.247 2.057 1.514 8.655 9.936
7.927 8.258 3.741 6.647 6.251 6.013 4.439 9.371 2.311 1.529
7.882 5.55 7.367 3.565 7.865 2.461 6.079 6.592 3.723 4.388
1.378 7.074 5.042 4.205 3.956 9.884 3.006 8.534 9.412 3.133
