8.576 5.663 9.423 6.722 7.587 1.778 2.279 9.219 2.91 8.584
8.793 9.64 4.063 8.266 7.481 1.204 7.701 3.405 5.131 4.545
8.085 9.636 7.037 7.535 8.612 2.788 8.36 7.106 4.219 6.851
5.316 9.521 8.165 3.373 5.11 5.843 4.181 1.989 5.147 2.431
2.801 7.886 1.023 4.147 3.986 8.369 6.267 4.014 4.632 8.794
7.7 7.862 1.511 5.066 2.165 8.772 2.614 9.322 3.446 4.46
8.623 3.696 6.738 3.669 3.22 5.284 4.894 3.675 7.225 4.567
6.652 1.848 2.764 3.475 6.496 3.135 5.178 3.881 3.56 7.227
2.419 6.886 4.132 8.29 2.954 7.403 4.881 1.968 6.855 6.285
8.712 4.343 7.241 2.889 1.581 7.17 9.402 1.688 5.506 3.995
4.959 5.211 6.933 5.568 2.214 1.181 8.662 3.147 6.103 6.048
2.685 1.137 4.102 6.382 1.665 2.778 5.279 1.547 4.69 5.055
4.288 5.806 8.334 1.965 3.08 4.57 9.224 2.292 1.436 5.521
7.758 4.53 5.757 9.736 4.192 8.32 2.036 1.624 4.761 5.815
3.99 3.634 2.037 2.879 4.116 9.255 8.054 5.012 7.304 2.561
8.363 8.228 9.656 7.005 7.933 9.034 7.361 3.826 9.833 1.317
1.855 6.114 8.611 2.5 4.211 5.91 3.351 6.28 9.594 6.36
6.497 9.593 3.51 9.409 9.729 3.597 9.952 2.537 6.668 7.121
9.547 8.181 9.537 9.66 5.956 8.171 2.371 8.968 2.011 4.605
3.29 2.995 3.513 7.681 7.345 5.096 8.372 1.492 3.619 6.52
