6.753 6.695 2.354 3.353 7.368 6.306 9.554 0.739 9.173 3.383
3.773 8.906 4.908 1.467 1.792 6.935 6.709 0.326 4.133 3.161
3.219 1.96 7.547 4.316 8.138 9.533 8.686 0.466 9.485 2.982
9.318 7.929 7.93 2.44 7.156 0.765 6.134 6.297 4.726 6.566
5.677 8.391 7.386 2.469 5.156 9.283 4.46 4.613 8.252 5.867
6.883 9.176 4.949 2.244 1.162 4.692 1.544 9.253 8.779 5.732
6.157 9.82 1.698 8.258 5.721 9.305 8.72 7.584 9.716 7.505
5.68 4.442 6.347 3.059 5.737 2.281 8.447 0.532 1.844 1.192
6.985 8.742 9.778 0.145 7.393 6.93 9.612 8.306 1.71 8.268
3.953 8.107 3.705 5.471 4.85 2.312 1.411 0.985 4.327 7.349
3.033 3.145 4.158 8.319 5.116 8.313 6.068 6.986 7.483 3.984
7.736 9.016 3.93 7.643 1.677 7.357 9.211 6.633 6.676 1.619
2.585 3.709 2.606 7.988 9.233 3.95 0.498 2.233 9.344 2.251
3.927 4.03 6.869 0.557 0.77 4.25 3.472 6.748 0.81 5.489
1.166 9.526 3.232 9.327 7.291 6.604 2.469 0.622 9.441 3.895
6.591 4.069 0.463 5.302 8.665 6.618 4.195 5.64 4.638 4.159
8.563 6.264 1.073 2.822 0.993 7.932 3.724 6.853 0.489 3.101
8.728 0.938 4.016 9.547 0.057 8.011 3.037 0.872 5.227 6.406
0.715 1.536 7.96 8.413 1.913 1.65 8.523 0.145 2.799 4.642
8.474 7.408 5.476 6.231 5.28 5.658 8.253 2.521 7.346 5.54
