9.061 2.132 3.633 3.163 1.471 4.755 4.067 1.573 3.45 5.85
1.452 6.276 5.724 1.031 9.921 4.664 2.886 7.611 4.411 3.36
7.433 9.031 5.702 9.988 1.119 2.0 3.333 9.904 8.525 5.363
8.86 3.002 6.015 9.311 8.497 7.198 6.543 6.316 4.671 5.403
4.644 7.415 5.009 4.363 9.383 7.379 3.356 1.932 1.24 3.498
6.846 2.148 7.485 5.903 6.417 3.999 9.315 9.295 9.62 7.527
2.245 4.629 1.907 2.814 5.59 4.485 4.166 6.7 2.203 3.064
5.872 3.737 5.816 1.423 1.832 6.519 4.253 8.321 2.447 8.752
7.057 3.994 4.58 7.563 8.616 3.772 1.247 7.212 2.327 1.946
8.549 9.88 1.666 3.819 3.217 7.286 8.961 3.016 3.417 8.024
1.441 5.454 2.801 9.636 5.103 1.424 8.502 8.63 7.65 7.558
3.21 7.787 6.839 5.977 9.549 7.482 8.111 7.925 9.93 3.68
6.262 1.271 6.871 7.552 4.911 3.531 3.824 6.943 9.116 4.0
4.756 4.288 4.341 4.242 7.838 2.307 7.407 6.558 2.034 3.167
5.428 7.216 2.525 8.571 5.994 9.428 1.903 6.033 5.186 6.102
9.034 4.242 2.69 7.1 4.562 7.676 6.245 2.588 7.278 9.086
8.128 4.741 3.183 5.661 7.735 4.672 5.205 9.082 6.384 1.038
2.468 4.974 7.118 2.053 9.138 1.124 1.089 3.129 3.644 3.77
3.567 9.147 5.8 2.873 7.438 8.283 4.269 4.551 7.284 2.183
2.967 4.95 3.266 4.005 5.519 6.532 5.907 1.615 8.638 2.492
