9.028 5.718 6.846 7.927 9.056 1.633 9.633 4.012 1.212 7.78
3.183 7.728 5.888 5.303 2.537 7.482 7.723 5.075 5.761 1.443
4.729 5.956 4.416 1.418 1.049 3.059 1.35 3.878 1.045 8.513
5.183 8.555 9.105 2.543 5.425 5.727 1.313 6.149 5.012 5.675
9.306 2.186 5.407 2.251 1.746 2.838 6.963 6.635 7.116 6.112
9.076 8.377 9.775 7.847 8.306 2.603 4.533 5.003 3.081 4.223
9.604 6.461 3.893 3.745 2.256 1.237 8.128 9.741 1.619 4.25
3.409 9.146 3.972 8.19 9.305 1.847 3.196 6.245 2.171 4.374
7.354 7.491 1.83 8.87 2.176 7.279 1.981 2.565 4.206 5.02
6.739 6.159 3.814 2.069 5.679 9.877 2.883 5.186 4.22 9.592
7.668 2.169 5.164 7.231 5.265 8.491 8.274 3.598 7.227 7.219
8.489 3.547 7.915 2.865 3.587 1.622 3.163 2.647 5.833 8.308
9.296 4.671 1.008 7.453 7.036 7.887 6.074 5.254 3.626 2.803
7.233 7.046 5.211 1.817 1.531 9.958 3.186 4.865 2.743 2.22
8.888 3.873 9.489 2.023 5.676 7.595 3.171 3.914 5.891 4.816
5.65 9.523 1.632 7.986 9.406 7.388 8.645 7.363 4.86 6.035
6.043 3.893 1.097 2.117 9.355 7.175 7.132 8.439 3.639 6.482
6.095 2.219 8.252 4.939 2.63 8.752 3.085 2.148 6.22 8.522
6.636 4.96 1.022 7.313 4.358 6.013 1.828 3.174 8.338 2.1
3.326 1.955 9.845 4.19 4.946 7.17 4.705 5.431 6.819 9.248
