9.151 9.41 7.633 4.05 7.658 9.05 8.53 8.523 6.7 7.571
2.605 2.689 1.017 7.869 1.458 5.474 4.682 8.6 5.051 5.245
5.189 6.616 2.984 2.416 7.389 5.639 6.623 5.393 8.691 1.552
5.037 7.71 3.066 5.454 0.069 1.853 5.579 2.094 3.679 2.844
4.256 0.107 4.959 1.106 8.418 6.186 2.9 7.44 9.954 7.058
8.048 8.15 2.337 4.814 2.027 2.319 7.815 3.793 3.612 5.383
2.995 7.389 4.451 7.06 5.66 0.637 6.935 9.113 7.022 9.73
0.004 5.984 1.163 5.336 7.995 9.491 9.644 8.266 3.448 5.861
2.363 4.367 9.384 4.862 6.268 8.761 2.626 1.652 4.323 2.509
9.965 8.19 0.473 7.55 0.709 5.246 0.757 9.226 4.61 3.142
6.279 2.907 2.031 9.797 8.736 2.477 3.051 1.645 5.168 0.31
9.437 1.94 6.573 4.279 8.486 2.999 6.161 4.009 6.208 6.163
3.377 2.529 1.409 7.483 3.239 0.783 2.031 0.868 5.339 8.632
2.498 3.257 4.342 6.298 5.549 1.655 3.855 5.224 4.584 4.241
2.239 0.318 0.449 7.73 9.741 4.399 8.819 2.894 4.279 3.4
2.975 4.201 6.851 0.681 8.108 3.295 6.213 7.728 5.88 2.934
4.202 6.518 7.816 0.15 1.739 2.1 0.938 7.863 9.465 4.469
1.161 2.839 0.305 4.71 2.175 3.667 1.157 3.408 5.659 3.728
6.425 0.295 9.938 2.638 7.042 6.02 7.481 3.742 8.612 6.822
7.756 7.309 0.181 8.815 0.187 2.616 4.027 5.168 2.038 9.851
