1.393 2.018 2.919 7.57 6.233 1.613 4.995 1.067 9.728 0.117
3.272 4.936 9.333 2.473 0.632 5.113 7.522 6.086 7.775 5.357
8.546 0.899 4.425 9.518 6.502 7.56 2.525 1.257 9.065 4.982
4.145 9.564 2.329 0.784 0.67 3.943 6.812 2.045 3.049 5.174
3.254 3.5 3.428 8.611 2.721 9.761 7.166 1.893 5.055 1.472
2.839 4.5 2.303 7.195 1.245 4.635 6.97 0.936 2.944 7.707
2.815 7.595 2.102 5.997 9.431 7.897 5.929 9.855 2.579 7.355
4.121 7.629 9.063 9.653 6.184 3.644 3.58 8.362 3.291 4.502
2.081 7.756 4.918 4.994 5.205 2.784 5.195 7.855 2.996 8.575
7.158 6.639 2.9 3.109 7.101 1.326 0.025 1.24 9.066 4.261
4.904 1.929 8.067 1.641 9.127 0.732 5.538 0.804 9.037 2.315
3.446 5.494 5.366 6.228 9.868 9.798 7.731 7.952 3.323 4.488
0.058 7.949 4.378 2.774 6.919 4.666 1.474 6.799 4.143 3.961
3.862 1.808 8.331 3.215 8.151 6.344 8.539 7.414 7.903 8.321
0.811 0.401 3.175 8.349 9.854 1.503 6.962 5.884 8.033 7.079
6.409 2.09 7.231 2.404 2.618 9.274 8.463 6.32 0.699 6.468
1.772 7.719 2.354 2.979 0.418 2.512 7.468 8.056 3.647 1.72
9.258 1.259 5.464 8.794 5.495 2.006 7.336 0.327 1.63 1.299
8.462 7.994 2.5 4.131 4.435 7.42 9.247 1.97 3.362 0.113
5.884 0.374 0.807 0.765 1.158 7.688 1.928 8.417 5.001 9.951
