1.154 6.193 6.332 2.819 9.999 9.16 7.495 3.231 2.997 9.874
5.597 1.653 6.232 6.191 7.245 6.483 4.814 4.789 9.976 8.948
5.711 8.561 9.612 6.415 3.009 7.016 3.943 4.168 4.279 6.039
5.386 4.686 9.209 4.383 2.21 7.283 8.063 2.863 9.561 1.178
9.501 7.667 3.049 2.797 8.54 5.716 8.55 6.869 9.131 7.145
5.803 9.452 8.719 2.574 1.48 8.206 7.232 4.113 7.584 3.484
8.8 1.279 3.4 4.55 6.591 8.871 3.359 4.325 5.825 2.334
7.809 9.141 2.807 6.558 1.782 7.765 1.985 7.919 7.356 1.62
4.102 3.129 2.088 5.441 9.327 1.878 8.972 6.806 3.465 9.7
4.378 5.521 5.8 3.564 5.401 2.897 2.056 6.087 9.224 6.918
4.452 3.333 3.709 8.015 6.688 6.98 8.22 3.041 3.299 1.953
1.209 3.214 3.935 1.215 6.616 8.452 8.076 1.28 4.233 4.289
9.233 9.384 3.194 8.617 9.993 7.151 9.405 2.495 9.46 2.679
4.348 8.4 8.624 4.933 2.381 2.443 7.874 6.649 7.934 1.552
8.04 8.2 5.982 5.075 9.532 6.446 6.166 1.048 4.469 7.741
7.676 6.056 5.435 5.018 4.127 3.719 8.065 6.392 9.357 2.268
1.393 2.799 3.667 8.451 1.528 1.346 3.366 7.551 7.497 8.001
5.777 6.611 8.677 2.437 6.161 7.219 2.427 2.236 2.967 5.12
1.398 8.393 7.473 3.506 4.455 4.93 8.895 9.569 9.948 6.536
8.138 1.824 8.324 9.715 8.076 3.824 8.769 4.556 4.19 2.233
