6.853 5.109 8.689 1.658 6.779 6.957 2.222 9.716 5.0 6.43
2.969 1.514 9.12 7.782 6.922 6.585 3.414 4.661 1.006 8.18
9.352 3.421 8.371 7.797 8.902 9.869 6.274 2.895 6.987 7.912
2.987 9.839 7.535 3.031 9.97 2.818 6.236 5.419 8.426 3.035
3.839 3.814 8.439 3.266 3.996 8.011 8.145 4.121 2.365 2.689
3.28 5.037 5.921 1.73 8.903 5.299 9.547 9.652 1.049 1.781
3.145 2.435 8.54 6.496 7.002 5.849 3.906 5.212 8.574 2.152
6.812 3.058 2.785 2.631 6.97 6.212 9.783 4.603 6.35 4.202
2.379 9.478 6.538 8.659 9.586 7.1 4.473 8.709 5.92 1.717
3.37 6.363 8.468 7.452 3.674 8.128 7.449 2.368 1.475 8.945
9.163 5.372 1.995 2.951 7.177 6.58 4.417 5.625 8.007 6.125
6.562 6.204 9.136 7.986 7.561 3.517 6.524 5.807 9.828 2.023
1.382 3.635 6.437 1.003 8.782 9.951 7.52 2.928 4.329 6.829
8.347 8.195 1.851 6.704 2.77 2.417 9.237 1.252 9.171 9.239
5.999 4.987 8.479 6.241 9.077 1.531 4.925 9.145 1.686 9.795
4.218 7.113 6.423 4.188 2.053 4.429 9.739 2.105 7.824 7.544
6.066 5.692 4.745 8.558 3.678 9.206 1.218 3.303 9.03 1.169
2.356 8.643 1.732 4.879 4.907 9.881 3.785 9.474 6.973 1.797
7.186 1.996 7.449 8.472 6.641 2.344 1.306 6.008 9.346 3.491
3.853 9.726 1.283 7.301 7.261 5.297 7.749 8.323 6.935 9.27
