5.321 8.903 0.897 4.62 1.28 7.882 7.548 5.674 3.542 9.218
4.268 0.951 1.159 6.926 9.6 3.506 3.553 6.897 8.449 2.08
3.682 5.673 3.814 3.859 6.501 4.386 9.143 0.687 9.074 0.121
9.264 8.041 1.017 9.543 1.602 8.632 6.234 5.544 2.308 1.743
3.217 4.894 0.382 9.97 6.218 8.434 7.226 6.646 2.557 1.212
1.557 8.063 9.861 8.508 0.315 6.317 6.365 0.541 2.575 5.889
4.483 3.817 6.586 0.773 9.52 9.672 6.495 1.15 6.733 8.73
3.118 1.304 9.939 4.549 6.129 5.508 6.45 0.468 5.867 5.041
3.676 3.007 2.986 4.968 6.024 5.971 4.583 7.423 0.059 3.544
3.045 6.99 3.909 8.524 5.504 6.226 0.155 6.025 1.802 4.474
6.47 6.68 8.606 6.433 6.804 9.113 6.422 1.014 3.854 9.749
1.737 8.392 7.042 6.47 6.916 4.38 7.78 3.603 3.182 5.973
1.89 7.222 8.229 1.496 6.866 0.257 6.552 5.342 5.911 4.526
0.355 5.674 5.833 1.805 6.922 6.961 9.753 2.132 1.822 0.964
2.438 1.863 6.014 9.128 9.281 9.967 8.885 8.169 4.522 8.517
9.79 3.096 2.21 5.199 7.21 9.99 6.223 7.118 8.758 2.942
8.925 7.834 8.819 1.941 2.073 2.966 8.876 4.23 4.883 2.092
7.173 7.195 3.788 1.768 4.716 0.298 7.515 9.845 3.224 6.752
1.915 1.421 6.133 9.486 4.001 5.837 4.701 3.786 5.909 0.606
3.438 7.633 5.069 5.631 1.843 3.98 2.147 9.368 3.816 7.762
