6.166 1.857 4.966 2.73 9.611 9.014 8.204 5.373 4.577 7.844
1.665 4.164 3.96 9.885 2.995 1.497 2.609 3.292 1.605 6.96
3.789 4.927 5.603 4.757 5.162 9.926 5.675 1.251 2.544 2.689
5.324 4.712 9.406 4.155 8.47 6.649 7.339 5.34 7.207 1.276
1.453 1.602 8.701 5.428 2.421 3.383 4.158 6.796 4.518 7.296
6.187 9.209 5.006 5.81 8.942 2.785 4.961 3.788 8.826 6.501
1.439 7.519 7.681 9.5 1.5 9.225 7.677 9.418 6.202 3.636
5.354 8.661 9.749 2.927 9.175 1.261 6.073 5.216 5.194 8.794
5.295 5.733 8.306 7.434 2.302 4.992 4.238 2.654 9.029 2.781
2.097 8.836 3.711 5.269 6.942 2.92 8.337 1.146 2.666 1.748
5.03 5.384 7.069 6.756 2.004 9.364 7.692 5.385 8.005 6.329
1.299 1.908 5.79 2.883 8.431 3.793 3.919 7.491 7.867 4.915
3.404 8.319 8.097 2.33 7.384 4.924 8.88 7.018 4.8 1.558
8.709 4.385 3.944 8.53 6.211 6.347 6.011 8.035 8.799 5.696
2.224 6.714 3.202 3.27 9.657 3.919 9.887 6.815 7.498 9.071
5.726 3.145 4.0 3.811 2.076 4.577 1.439 6.137 2.878 5.317
8.959 2.848 5.446 8.422 1.471 4.585 7.939 7.668 5.111 1.8
2.867 7.724 2.555 1.385 2.441 6.703 5.038 4.937 3.381 8.197
8.364 5.585 5.625 3.135 9.279 1.071 9.213 9.3 7.153 1.904
5.488 3.861 1.801 1.322 3.207 3.658 1.093 6.264 6.052 8.634
