6.698 1.67 0.105 0.163 2.389 0.953 2.017 3.702 0.516 3.325
6.272 5.116 1.328 8.67 5.952 6.972 6.389 3.791 1.521 8.386
1.654 0.756 6.144 2.982 5.861 2.246 0.046 3.837 6.453 9.876
3.272 0.849 2.14 1.365 7.302 3.527 2.92 9.136 5.48 8.513
8.596 6.72 0.871 2.498 9.561 0.562 7.059 1.044 2.543 4.08
3.844 2.412 1.378 4.705 0.361 8.727 8.131 2.23 9.464 6.779
3.134 1.002 8.315 7.825 3.814 3.738 7.266 8.736 2.069 6.853
8.669 7.258 9.09 4.559 5.104 5.284 5.629 3.936 9.978 8.489
8.155 1.264 2.427 1.807 4.973 3.072 4.622 4.593 4.309 0.978
5.67 0.912 4.993 3.074 8.619 5.595 5.511 4.46 2.517 2.389
5.701 0.093 0.021 6.142 9.249 5.08 6.492 9.492 8.041 3.477
1.519 1.457 9.973 7.145 8.98 8.6 6.825 3.957 8.267 5.408
8.479 7.351 4.984 2.254 5.096 4.767 5.31 3.208 1.345 7.871
2.032 1.088 0.668 6.507 5.785 0.647 0.813 3.535 7.438 5.248
6.427 3.662 0.828 4.035 6.48 9.588 4.818 5.203 3.762 4.231
0.189 4.566 3.106 9.461 4.21 3.456 4.994 1.71 3.599 5.211
8.7 2.852 7.207 5.45 3.848 1.52 6.047 4.629 8.835 8.638
0.39 4.262 6.346 8.232 5.676 5.843 8.709 6.011 8.367 6.9
2.73 2.342 2.903 6.852 8.853 3.303 4.258 4.987 4.95 2.422
3.686 5.784 7.09 6.859 1.067 3.602 8.681 3.914 0.158 1.579
