5.222 8.462 9.944 7.228 5.743 1.961 8.554 7.461 6.167 3.533
9.678 4.433 9.36 9.513 2.239 7.414 6.119 7.23 3.57 5.814
4.903 6.598 2.372 7.713 4.287 8.805 4.587 1.484 1.85 4.568
8.167 2.524 1.833 2.477 3.626 8.182 8.676 8.97 9.854 7.106
8.256 3.076 1.824 5.739 7.838 1.899 5.986 2.454 5.165 3.756
7.382 7.2 5.507 9.501 5.26 4.979 8.886 3.442 2.115 1.262
2.527 6.824 4.346 7.011 9.404 1.112 5.845 9.607 4.175 6.456
9.849 5.662 8.221 3.503 9.894 7.365 4.718 6.157 5.668 4.572
5.104 2.014 6.695 5.244 3.23 3.993 5.67 9.626 6.638 5.085
5.712 5.854 9.713 3.016 5.936 4.973 5.306 7.859 8.692 6.397
2.294 4.902 8.923 3.446 3.462 2.486 7.899 4.171 1.945 7.784
3.133 1.133 6.419 6.999 4.677 7.959 5.947 3.689 3.82 4.459
4.41 8.354 3.853 3.238 4.161 8.227 1.205 9.545 4.035 4.671
1.586 9.74 1.954 3.452 4.245 1.707 3.034 5.488 4.225 3.657
8.578 3.488 5.075 6.692 3.091 6.107 4.024 9.767 1.71 2.83
3.852 1.407 2.854 6.458 9.738 1.378 3.293 8.427 8.216 4.992
1.204 8.032 4.864 5.901 7.642 3.321 4.891 1.679 9.493 9.843
4.08 3.637 9.628 6.882 3.674 5.577 8.259 6.832 4.858 8.87
9.31 6.051 9.098 1.502 2.135 5.087 3.908 9.943 7.751 6.146
2.501 1.91 4.085 9.632 8.672 2.302 8.761 6.274 2.674 3.853
