4.462 6.514 9.224 3.128 2.0 7.897 5.215 1.328 5.429 7.21
0.604 3.311 0.03 9.883 8.366 0.687 7.754 2.818 0.419 8.453
9.718 9.347 9.342 5.369 8.687 8.852 8.844 7.795 2.562 4.857
1.23 2.765 9.87 7.53 8.032 6.976 9.109 5.29 0.811 9.815
4.706 5.422 0.964 6.767 8.822 9.307 5.939 8.148 3.749 6.995
7.553 9.077 8.94 7.056 8.522 7.603 2.944 6.892 1.052 8.763
8.438 2.389 5.921 8.149 0.883 7.899 9.657 2.44 7.186 2.947
2.138 5.881 8.103 2.084 3.356 0.087 4.933 2.49 6.315 4.815
0.623 6.956 9.096 9.613 5.823 4.813 6.911 4.855 6.186 2.67
2.054 7.229 2.453 2.678 3.174 6.495 7.392 4.785 7.977 6.249
3.289 3.801 5.551 1.188 5.244 5.797 4.721 7.161 0.41 7.371
1.326 2.785 4.869 1.672 0.773 7.668 7.208 3.511 0.243 0.228
4.76 9.16 4.64 0.748 8.134 2.663 2.415 2.513 6.031 4.592
7.231 0.594 8.408 7.276 8.064 9.436 9.251 0.109 2.815 2.855
9.478 9.703 0.907 1.477 4.591 7.31 7.731 1.316 6.459 3.867
2.185 2.7 1.009 7.032 9.702 6.934 6.166 4.151 3.633 1.078
8.214 6.124 0.159 4.501 0.287 8.961 1.249 5.15 2.815 7.697
6.187 3.9 1.478 7.206 0.106 2.506 7.401 6.566 4.982 3.51
1.062 8.397 6.474 5.686 1.997 0.492 8.977 7.991 7.188 2.502
9.126 4.052 8.059 1.617 7.943 2.805 2.783 0.76 9.943 4.331
