1.732 5.483 6.489 7.597 5.566 6.416 4.004 6.99 4.933 7.903
6.598 9.27 2.671 8.09 4.252 6.556 3.894 8.844 5.969 5.854
7.403 4.606 5.253 6.573 9.386 5.434 1.093 5.231 6.277 4.365
8.019 5.002 2.528 2.334 4.46 9.666 9.448 1.185 9.635 9.406
4.614 3.352 1.698 2.123 8.31 7.282 1.292 6.721 6.994 8.135
9.275 4.722 6.594 7.651 6.425 8.169 2.986 6.51 5.711 4.035
1.157 1.032 1.038 1.72 5.913 1.988 1.55 3.663 2.954 1.623
2.033 9.725 8.939 9.605 2.608 4.467 4.995 4.609 8.906 7.695
2.106 6.167 3.655 9.817 2.8 2.851 9.34 8.618 7.382 7.473
9.78 7.976 7.994 5.597 5.18 4.715 4.668 1.26 3.977 9.973
2.651 3.65 5.486 6.133 5.696 7.462 7.643 4.967 6.752 9.078
7.092 3.63 3.1 9.954 7.193 6.473 1.377 6.624 7.329 3.084
4.852 8.707 7.532 7.664 2.731 9.502 5.663 5.032 2.643 6.6
4.039 4.905 5.266 6.88 6.731 5.284 1.8 9.322 3.627 1.379
7.337 7.761 8.106 2.487 8.425 9.656 2.764 1.781 7.804 8.545
9.591 1.331 6.136 8.07 2.505 5.208 4.985 7.581 2.881 9.06
6.207 9.941 1.015 4.182 6.041 7.262 9.411 6.308 3.72 5.623
1.549 6.005 8.885 5.899 4.664 2.941 7.977 7.948 4.957 9.665
1.034 2.694 8.379 3.702 1.469 5.013 7.221 2.323 1.559 7.358
6.895 5.607 9.186 1.491 1.721 2.042 9.331 8.551 7.922 8.128
