3.013 1.59 3.349 6.015 3.7 5.062 7.604 1.223 8.052 5.87
2.331 6.347 0.728 7.947 7.034 8.446 3.035 6.647 9.263 1.42
0.203 6.361 7.452 7.663 2.352 9.42 7.502 5.464 1.724 7.494
7.984 8.94 6.014 8.272 0.088 4.247 5.986 9.214 1.675 8.295
6.518 5.493 3.363 9.462 9.759 9.167 9.779 0.764 5.088 2.366
9.38 7.496 6.187 6.78 3.189 5.852 2.107 8.882 3.608 4.17
7.884 1.398 5.167 6.068 2.618 6.929 0.883 0.239 3.104 9.263
3.65 6.021 0.58 4.458 5.68 2.017 2.835 5.114 0.551 8.056
3.949 3.002 2.219 9.612 9.586 8.833 5.016 3.051 8.269 7.872
0.261 8.789 3.453 4.469 4.999 6.758 9.157 7.483 9.327 3.248
2.051 4.697 9.604 4.04 6.414 0.911 1.726 3.95 9.335 0.17
7.927 5.031 1.835 2.461 4.389 8.038 5.825 3.637 3.543 8.832
3.825 7.484 0.53 2.691 7.562 0.647 0.054 5.269 9.684 2.859
2.543 8.584 7.965 8.144 6.126 6.883 5.222 8.025 1.685 1.476
6.73 3.013 6.615 1.201 7.418 9.511 8.959 4.698 1.823 4.086
8.517 5.904 2.441 0.758 5.62 0.888 6.294 2.333 0.722 0.944
6.171 1.06 5.509 6.772 1.156 9.752 5.235 5.869 2.681 6.056
1.056 8.28 8.517 1.057 4.688 1.06 1.839 8.775 7.955 0.039
3.347 6.296 3.303 4.591 0.016 9.428 8.656 9.311 9.384 7.881
7.567 2.366 5.708 7.505 9.627 1.296 4.022 0.328 8.036 2.857
