1.966 7.607 2.779 1.877 5.215 1.242 1.349 7.17 2.319 1.075
6.852 5.572 8.216 8.165 2.549 9.522 9.861 8.692 6.646 1.208
2.601 3.751 2.668 3.13 2.698 7.322 8.282 8.034 2.838 7.607
4.445 3.345 5.446 7.283 2.492 3.514 6.3 9.589 1.505 2.137
8.499 3.629 5.629 8.036 9.81 3.622 6.918 1.662 9.048 1.51
7.224 8.964 6.697 4.465 9.28 7.855 9.911 4.533 4.258 4.853
5.271 5.047 2.903 2.315 2.934 4.81 9.115 5.243 6.719 9.315
2.201 5.538 1.81 1.715 1.608 3.91 6.566 3.745 4.181 5.207
2.912 8.818 2.582 8.564 2.101 2.954 4.55 1.796 9.444 2.968
6.911 8.434 7.258 5.446 5.053 9.426 6.973 3.571 9.42 3.128
1.082 4.037 4.179 5.347 9.359 6.671 8.331 1.067 8.942 2.443
3.715 5.31 4.868 7.647 4.872 7.59 3.952 3.049 2.339 9.169
7.181 3.055 4.642 5.681 1.665 9.937 7.711 5.15 7.906 7.383
8.771 2.11 3.612 5.132 5.7 6.723 1.731 9.434 8.061 6.49
9.634 5.982 3.934 4.686 3.4 2.423 5.143 4.142 4.298 5.368
2.568 3.509 3.667 8.036 9.578 7.87 1.769 4.529 7.044 7.298
8.485 5.912 8.378 6.041 2.998 5.683 5.858 3.896 8.149 4.117
7.549 7.313 8.37 1.488 5.076 4.39 6.85 7.454 6.775 3.937
6.414 6.335 6.836 1.572 4.019 5.745 5.55 9.438 8.011 7.551
1.301 9.44 4.77 6.455 1.553 7.673 4.097 7.121 3.406 4.239
