1.932 7.964 8.157 1.354 6.996 3.216 2.418 3.514 4.455 4.813
5.497 4.649 8.988 3.301 2.013 7.385 2.59 5.996 4.279 8.674
7.439 1.95 6.381 7.278 9.563 6.438 6.984 4.887 2.085 5.421
8.986 5.292 2.477 4.901 4.655 4.691 2.054 6.924 5.066 8.75
2.614 9.966 8.347 6.469 8.726 4.6 9.463 5.077 8.512 7.241
1.648 3.867 7.011 8.183 1.59 3.78 3.858 8.665 5.432 4.924
7.372 5.66 7.496 4.755 7.808 2.532 9.23 3.376 6.161 2.198
2.977 7.895 8.091 5.914 7.339 6.506 3.369 6.823 7.317 1.274
1.413 5.594 8.712 3.44 4.557 4.5 5.774 4.469 4.135 3.049
9.21 6.534 3.167 6.629 6.389 5.059 3.453 1.492 2.903 7.611
8.693 6.692 4.128 2.222 2.626 6.952 8.267 2.307 9.284 8.299
9.297 5.731 4.638 3.409 5.446 1.105 2.167 7.047 6.794 1.995
2.668 1.293 5.629 7.373 4.439 5.283 4.574 4.208 6.344 7.952
9.473 2.199 2.779 1.496 4.764 1.063 1.445 5.454 1.279 9.939
2.278 1.17 8.506 2.293 8.758 3.747 9.012 1.491 5.054 7.584
5.134 5.358 2.51 7.049 5.75 9.023 5.421 8.823 5.563 2.96
7.747 6.176 5.956 9.594 1.504 5.789 9.773 1.561 3.73 6.836
2.791 7.16 3.592 8.335 9.054 7.096 5.802 9.394 3.452 1.081
6.994 5.126 9.108 3.009 4.977 4.579 2.135 3.357 2.401 3.572
2.514 2.792 4.928 9.248 9.329 4.615 9.375 9.278 9.418 2.856
