7.882 1.203 0.551 8.588 6.986 6.976 6.129 6.94 4.039 7.541
8.901 2.56 7.085 4.702 4.883 2.767 5.851 8.515 7.258 2.106
5.95 9.209 6.997 0.371 3.319 2.752 6.193 9.155 8.634 6.238
0.907 0.925 5.651 5.303 3.51 1.928 4.242 5.696 1.786 6.514
6.627 8.565 2.519 4.361 1.884 5.562 3.633 7.78 2.311 0.559
8.354 4.359 9.69 7.348 0.6 7.609 6.53 9.014 1.961 7.115
6.581 5.193 2.835 4.949 2.062 5.685 9.394 1.555 3.727 1.631
5.999 1.831 5.371 3.766 8.353 9.776 5.703 4.924 4.66 6.033
0.946 2.0 2.406 0.335 0.653 9.307 2.344 6.076 5.796 7.186
1.83 2.963 0.416 8.608 7.431 2.611 3.369 2.668 2.926 4.626
8.774 4.855 3.652 9.79 8.801 6.459 5.966 4.051 2.217 5.063
8.178 5.453 4.68 1.498 0.361 8.176 9.442 6.572 3.901 1.463
4.229 6.831 6.009 0.831 5.413 5.112 5.808 8.486 5.51 1.029
6.073 8.901 1.783 7.31 7.401 4.328 2.497 9.824 4.567 8.196
5.523 4.092 8.789 2.656 4.831 8.348 7.711 3.792 9.904 0.054
3.592 4.674 8.681 1.868 7.99 1.896 5.654 7.937 0.53 4.339
7.373 0.708 8.414 6.25 4.634 1.292 9.252 6.435 4.143 7.876
6.923 4.703 2.921 1.707 8.258 1.992 4.867 7.123 0.709 5.346
5.345 0.482 6.078 4.384 7.178 8.07 1.745 8.866 6.059 9.338
7.679 5.711 7.357 2.417 3.291 4.843 8.8 0.471 7.376 9.935
