1.944 4.64 5.99 7.995 9.952 9.926 8.412 2.875 8.4 2.859
4.366 7.103 9.062 4.379 1.984 1.451 3.96 5.881 2.679 1.913
9.658 5.278 8.295 2.812 3.117 3.015 9.666 8.373 6.437 4.228
1.51 5.937 4.334 2.411 5.21 6.567 1.253 4.204 4.167 7.371
7.293 2.697 8.769 7.107 4.663 3.18 5.85 3.775 8.114 8.13
7.319 3.838 8.267 5.343 8.755 7.587 3.926 5.151 5.31 3.302
4.394 2.166 3.022 1.806 2.88 4.44 8.029 1.075 8.423 8.8
1.131 1.865 6.31 9.172 6.783 6.352 6.065 8.983 3.119 8.591
3.391 2.687 2.663 5.577 3.451 8.991 9.721 6.583 1.348 5.54
3.175 5.727 9.511 6.082 6.109 8.52 7.949 5.546 1.964 1.901
5.512 3.792 5.604 5.75 4.722 3.779 2.752 1.593 3.939 8.346
1.614 7.19 1.675 8.409 5.729 8.725 7.961 5.183 3.496 5.576
5.024 6.913 7.198 4.757 9.818 6.217 4.04 9.188 9.997 5.996
6.105 4.301 3.346 2.593 7.956 5.643 2.511 4.258 5.0 6.47
8.506 6.95 2.453 8.554 6.264 7.453 8.494 4.212 9.831 8.595
5.969 4.311 6.762 5.709 1.953 5.032 1.92 9.261 3.021 4.982
7.3 8.427 3.617 7.535 3.855 3.706 7.636 4.073 9.947 4.863
6.708 6.175 7.967 1.345 3.926 1.986 5.658 1.525 3.73 3.956
9.764 5.837 9.314 4.643 8.154 8.998 9.289 1.917 2.1 9.212
2.931 1.934 5.592 5.525 5.1 6.904 9.451 4.389 3.684 4.205
