5.091 3.567 7.583 4.104 9.572 4.493 5.498 7.407 6.766 4.015
1.894 4.207 9.818 6.278 4.082 1.351 5.351 4.576 5.316 8.579
8.168 2.636 6.824 7.605 1.296 2.373 5.896 9.392 5.831 4.765
8.9 6.447 6.554 6.381 9.983 6.654 6.675 3.998 7.266 3.582
3.423 7.953 6.405 4.301 9.903 2.122 5.574 2.059 8.846 8.453
1.676 6.542 7.262 5.041 8.304 3.749 2.053 7.841 1.167 8.913
4.521 7.244 5.776 6.948 2.294 7.0 1.458 8.855 1.338 1.213
5.984 4.944 9.11 9.481 1.658 6.1 7.931 5.676 2.234 9.881
1.779 8.808 8.394 1.675 3.811 3.851 3.706 2.022 6.519 6.475
1.608 1.46 1.161 4.511 8.604 3.349 8.443 8.575 6.061 4.519
1.74 5.023 3.032 4.682 5.526 9.247 8.644 2.033 6.445 2.729
4.918 3.159 9.527 2.411 4.491 6.813 3.709 5.689 5.227 5.258
1.91 4.816 5.215 5.182 6.557 2.843 6.901 5.217 1.69 8.221
4.818 6.787 8.279 4.807 6.892 1.417 8.305 9.551 6.713 1.454
8.37 7.803 3.675 4.561 2.87 1.227 1.389 7.172 9.87 4.06
4.183 5.398 5.772 7.969 5.208 6.093 3.242 3.991 4.315 9.769
4.896 7.924 1.452 1.697 7.019 4.251 5.133 3.51 4.281 7.339
1.997 5.027 5.292 7.902 3.968 1.8 5.608 7.304 1.515 3.157
4.172 6.005 1.943 9.483 2.731 2.076 2.775 8.444 4.344 5.815
4.03 4.247 5.19 1.773 3.06 4.523 7.39 3.741 4.711 6.805
