9.762 7.265 9.502 2.182 4.013 5.493 1.983 5.135 6.241 0.954
6.02 7.606 1.684 3.062 7.441 8.717 9.281 6.319 3.265 8.89
4.08 0.824 6.445 0.222 0.492 5.052 9.511 2.341 1.862 5.116
6.699 2.443 2.912 4.719 7.248 4.034 2.966 8.361 8.987 5.441
7.474 7.318 2.637 1.426 6.095 3.907 0.182 0.606 0.648 3.642
6.527 2.774 1.386 4.034 8.125 2.984 6.967 4.085 9.643 1.339
7.748 9.887 1.84 9.015 7.645 6.873 5.436 7.914 4.833 6.718
9.616 8.143 6.199 4.933 4.325 2.564 7.034 6.323 2.424 9.507
0.615 7.56 7.985 1.805 3.664 9.938 4.989 4.589 7.058 0.18
8.863 6.481 2.449 2.515 1.841 3.761 8.831 3.25 9.826 0.151
6.391 4.876 2.542 3.178 3.059 3.276 6.94 7.983 3.466 7.492
7.23 9.327 9.884 2.916 5.207 3.416 5.272 2.501 2.621 8.456
0.568 0.036 9.342 2.645 9.701 6.921 7.377 0.533 8.741 6.604
3.811 9.246 0.516 2.914 5.329 0.856 0.478 4.659 6.224 4.365
8.402 1.728 9.665 4.54 4.601 4.691 2.982 9.363 1.759 4.313
2.706 5.852 1.603 9.593 3.987 9.065 9.927 0.399 8.998 9.484
5.484 9.846 5.88 3.53 8.391 2.154 4.935 1.976 3.948 6.642
5.55 2.762 1.195 7.146 5.8 3.555 1.794 0.735 7.384 8.237
7.385 4.863 0.182 9.377 6.068 6.453 3.543 8.195 7.512 8.995
8.012 2.868 8.011 7.012 4.82 1.649 7.608 4.55 1.139 4.613
