5.088 3.961 8.171 8.088 1.26 6.662 7.041 3.789 8.357 4.089
3.509 4.106 7.791 6.791 5.514 6.686 6.132 2.219 4.793 3.564
2.572 8.199 4.711 7.579 9.212 7.866 6.628 7.683 3.196 9.064
2.905 1.906 7.947 7.983 6.041 5.187 1.034 8.368 2.601 3.414
8.454 2.977 3.452 1.049 1.101 1.471 3.044 2.278 5.461 5.126
1.772 8.871 6.111 4.959 1.049 9.064 3.185 2.482 9.171 4.212
4.097 1.108 8.573 5.591 3.563 4.324 6.244 2.05 2.694 8.888
3.147 8.888 8.322 9.253 7.012 4.026 1.809 2.421 8.685 8.755
1.537 3.646 1.99 6.247 8.224 9.277 2.515 9.089 6.146 7.856
5.576 5.902 1.839 2.411 3.405 2.111 8.169 5.16 1.91 6.978
5.472 2.822 8.896 8.316 8.348 2.24 5.649 5.691 8.54 1.912
3.003 5.727 2.138 3.822 5.796 3.572 1.286 7.651 8.042 8.845
3.4 6.723 9.882 4.929 2.11 6.976 1.781 8.803 8.907 3.315
4.612 8.35 2.583 2.448 9.465 9.737 2.783 3.071 3.119 9.942
3.266 9.904 6.598 5.884 6.903 1.427 9.401 2.263 5.887 6.1
8.993 3.677 3.332 5.051 6.813 6.985 5.536 9.094 3.271 6.246
6.509 2.895 6.922 2.207 3.574 3.393 5.508 4.04 4.173 2.989
3.951 1.983 7.708 2.539 2.227 3.767 9.423 9.169 4.7 2.215
6.701 7.562 2.871 2.8 1.345 5.203 6.115 1.255 3.382 9.026
7.553 8.794 5.492 6.731 4.149 7.869 2.197 9.73 3.146 2.023
