5.097 1.7 8.003 8.396 8.249 7.407 6.882 9.734 8.079 7.026
1.909 1.928 2.96 7.962 9.6 2.036 3.876 4.767 6.005 6.072
8.426 3.113 4.996 2.804 9.229 6.952 3.696 3.698 0.744 9.777
4.095 1.387 8.511 1.155 3.607 1.549 0.342 2.704 4.062 8.147
2.569 3.228 5.359 1.49 7.073 6.894 2.206 9.528 2.507 2.798
9.008 2.668 5.334 7.549 0.593 0.972 4.753 2.853 1.052 0.755
2.322 6.688 8.269 8.301 1.842 5.847 0.223 4.676 0.173 9.475
6.725 4.298 7.907 7.249 3.834 8.144 8.654 0.942 6.055 0.149
1.646 2.988 1.918 2.946 7.847 9.427 9.898 5.444 7.39 8.317
8.335 7.293 0.852 3.673 3.079 6.034 5.575 1.416 8.02 7.001
7.576 7.837 3.966 5.661 8.86 5.54 8.288 4.685 1.021 1.568
2.576 0.375 5.383 2.13 6.757 4.886 4.056 6.526 0.561 0.844
0.778 6.89 4.786 6.738 0.12 1.292 1.629 5.242 6.832 3.072
4.231 8.093 8.666 1.02 9.271 6.459 5.525 3.904 0.44 1.123
7.355 7.623 9.301 9.268 0.35 3.971 4.314 5.794 0.877 7.243
2.695 3.127 3.611 9.086 3.655 7.313 2.163 0.737 3.613 4.697
5.411 3.011 0.018 7.74 1.957 3.531 6.863 5.679 9.141 5.313
5.71 7.385 5.453 4.623 3.685 7.034 5.007 2.649 4.853 5.712
7.618 0.256 2.049 8.981 8.303 0.658 5.889 8.319 7.526 6.121
3.219 3.567 5.935 7.465 5.894 1.973 1.08 7.117 1.975 3.015
