6.057 9.271 7.989 6.626 2.329 5.716 8.52 1.754 8.382 6.286
3.443 3.653 1.047 7.776 9.853 4.966 7.36 9.116 3.315 6.184
3.245 6.634 9.996 2.499 2.23 5.662 3.855 1.396 8.887 4.833
3.407 5.43 4.276 1.719 3.959 6.042 7.08 4.527 8.703 5.941
7.087 9.143 4.144 6.126 5.546 7.093 7.214 9.502 6.712 3.419
1.704 6.481 5.02 4.998 3.134 9.917 7.777 8.659 7.846 9.951
4.218 1.102 8.071 4.648 8.527 7.824 7.492 8.506 9.324 5.574
6.554 9.932 3.513 6.658 3.838 6.472 5.992 3.887 6.48 5.37
9.842 3.721 4.002 2.885 8.093 6.259 1.113 3.373 9.017 2.703
7.062 4.067 3.108 1.265 7.883 4.8 9.546 4.572 4.613 8.004
2.19 7.692 3.789 4.711 9.788 3.517 3.581 5.437 7.138 8.167
3.634 6.301 4.074 8.964 6.537 8.106 9.538 7.321 8.566 1.133
1.706 3.099 9.246 5.122 7.606 8.715 7.624 9.496 4.179 1.312
9.414 6.139 7.532 4.759 3.267 1.169 4.464 9.386 5.133 9.447
4.997 1.189 8.134 7.678 4.052 6.494 3.875 6.734 9.149 2.595
6.746 1.752 9.963 4.273 3.001 2.657 3.643 2.827 8.693 5.848
2.017 2.91 4.027 5.032 7.615 7.125 8.728 9.994 5.362 9.138
9.164 5.314 3.292 8.938 4.591 9.724 2.967 5.081 9.702 8.515
1.895 5.665 7.836 5.866 5.562 2.619 3.966 9.146 6.818 5.445
8.3 5.189 2.966 7.389 8.375 2.823 4.921 8.958 6.691 4.809
