9.875 2.243 7.368 2.687 5.087 8.309 6.155 4.16 5.484 7.255
8.385 6.612 1.633 9.914 5.455 6.799 4.464 9.709 4.831 1.086
4.788 1.901 0.273 2.994 0.962 5.72 7.541 4.89 8.222 6.371
3.642 9.857 9.665 8.565 9.417 3.494 7.727 9.861 8.573 2.188
9.436 2.627 9.341 0.808 8.739 0.69 7.818 1.14 5.848 9.989
9.978 2.244 3.68 2.841 1.826 5.785 5.927 5.876 9.165 9.409
8.653 1.776 8.936 3.571 5.037 8.901 0.126 9.35 0.957 1.987
1.984 4.815 3.692 3.465 1.786 8.288 8.467 3.447 2.003 7.871
4.447 6.558 5.825 2.005 2.279 7.229 8.687 3.007 4.303 7.458
7.822 6.822 2.668 5.024 2.737 2.594 8.064 2.129 1.672 3.366
0.35 0.712 1.192 9.071 4.795 1.993 8.074 2.992 1.2 6.393
5.614 8.795 6.778 6.101 8.461 0.358 1.476 2.138 6.12 1.297
0.719 6.752 6.57 3.259 3.339 9.621 0.502 5.771 4.146 4.745
3.428 8.439 3.65 9.806 6.456 8.145 6.609 4.869 6.106 4.283
9.079 4.892 0.743 7.005 2.342 2.834 9.842 4.247 9.296 5.289
0.583 9.968 5.726 4.016 5.753 7.768 4.005 4.616 1.905 3.07
6.877 4.344 1.792 2.139 2.367 8.887 7.948 6.187 9.074 3.047
1.908 6.212 1.182 4.321 9.566 7.566 4.013 2.336 0.247 8.74
5.101 5.789 7.529 8.004 3.556 8.313 1.247 3.4 2.119 8.514
5.081 1.149 0.295 6.889 9.961 9.515 3.677 8.13 1.742 3.514
