9.493 9.912 5.422 3.336 3.492 2.035 2.12 2.463 8.95 3.593
6.798 6.382 9.322 9.107 9.127 2.77 9.47 1.374 9.424 3.708
8.628 3.964 5.476 1.229 3.287 5.148 9.104 5.078 5.358 7.317
7.504 9.115 4.018 4.136 9.223 6.109 4.073 5.259 5.914 1.063
9.032 1.726 8.192 3.701 4.953 9.568 8.235 1.638 5.672 3.103
5.33 8.874 8.065 2.908 5.069 5.107 9.36 5.939 6.431 1.094
1.74 6.524 8.958 3.365 6.387 5.487 3.388 9.208 6.213 5.612
3.653 5.398 2.23 4.252 3.585 4.794 2.752 1.771 5.625 3.443
4.171 2.895 3.515 1.079 6.052 7.882 5.103 7.247 5.14 6.374
6.034 9.406 1.895 7.669 1.653 9.143 5.687 2.003 9.525 5.318
3.347 4.267 3.807 7.94 8.628 4.006 8.437 1.849 9.526 2.54
3.938 2.852 3.056 1.208 7.838 8.658 9.823 2.421 2.879 6.668
3.286 8.587 2.764 3.504 2.428 6.524 1.05 4.721 6.786 9.475
5.553 6.984 1.948 4.926 2.729 4.035 6.968 6.946 8.906 5.751
5.246 9.034 4.024 2.062 7.214 8.706 1.842 6.48 4.855 9.806
1.477 5.977 1.517 9.951 4.0 5.299 1.12 2.072 5.216 9.767
5.631 5.538 3.186 2.941 8.653 2.686 1.178 2.876 8.007 9.353
9.017 7.42 1.383 3.352 4.446 8.024 4.572 4.425 1.306 9.52
1.605 9.096 7.562 4.065 6.832 4.684 2.954 3.658 3.942 8.14
3.8 4.783 7.498 7.634 3.578 5.313 8.609 9.225 7.922 8.246
