4.222 1.347 0.296 6.662 2.181 7.514 2.378 4.241 4.676 3.033
5.937 2.206 7.987 3.544 4.67 5.986 6.991 1.138 8.863 8.693
9.883 5.896 8.222 8.437 3.28 5.179 9.615 5.269 9.439 9.694
3.805 7.512 7.046 8.429 6.392 9.702 5.126 9.464 2.578 5.26
8.172 1.864 4.112 5.432 7.489 8.065 4.027 6.932 9.012 7.757
1.79 2.889 8.316 6.695 5.941 9.509 7.117 8.34 9.767 6.972
0.291 7.744 0.647 8.064 4.607 0.388 0.733 5.165 4.501 0.315
4.09 9.203 9.384 2.382 7.424 8.663 3.171 8.831 4.976 7.255
7.733 9.992 5.617 2.613 2.838 8.63 9.38 7.629 6.583 8.105
4.508 7.226 8.649 5.424 1.303 9.833 0.026 8.053 6.716 2.919
5.084 6.12 8.052 7.161 4.374 7.923 8.061 8.06 0.431 4.849
9.075 0.158 3.381 4.431 1.149 3.728 4.948 5.874 4.712 4.586
8.246 2.591 7.212 5.542 9.485 8.569 2.639 7.493 6.889 2.832
2.134 0.294 7.459 0.456 8.852 8.975 5.652 3.335 3.323 5.569
1.602 0.126 4.56 6.041 4.008 9.571 3.695 9.347 3.285 8.708
8.619 4.412 4.066 9.307 7.838 0.932 8.718 8.758 9.066 5.438
6.79 2.396 6.81 8.91 1.052 7.611 3.321 9.136 7.99 9.375
8.326 9.784 6.954 5.883 6.531 3.96 6.81 5.314 8.658 5.825
3.109 6.553 7.342 2.108 6.444 7.216 3.172 6.792 9.957 6.973
4.757 6.307 5.358 6.047 1.508 2.952 2.015 7.167 1.431 1.826
