7.664 1.033 1.236 8.717 1.241 8.903 0.648 8.146 4.148 4.514
9.314 3.957 0.268 1.846 1.267 5.316 8.499 1.458 0.148 8.433
1.82 4.921 2.131 4.637 2.232 2.282 9.439 5.061 4.494 7.068
1.275 4.196 7.227 9.413 9.362 4.309 4.309 2.504 9.048 7.545
9.292 6.557 9.995 7.861 3.915 2.012 0.753 2.903 3.838 1.093
4.772 0.798 6.005 4.057 1.282 7.386 7.158 3.048 2.317 1.821
5.539 3.253 1.256 1.047 5.727 4.543 2.618 6.605 9.675 2.987
8.42 8.637 8.367 5.26 4.765 3.014 0.657 6.912 5.356 9.059
5.538 8.32 4.43 1.565 6.407 4.495 3.074 0.546 3.862 1.52
1.823 4.493 8.448 8.903 0.054 3.403 6.077 7.378 2.731 0.231
1.296 3.178 9.238 0.231 7.651 6.282 3.779 1.876 1.61 3.155
1.823 9.738 1.856 5.556 5.428 2.246 0.994 6.542 1.578 5.697
5.138 8.511 0.77 6.665 3.588 1.248 7.74 5.371 5.481 8.765
8.621 0.143 1.188 6.25 7.413 4.156 2.247 1.704 8.543 3.131
7.073 6.582 6.46 1.414 8.045 9.808 1.467 0.581 2.901 8.711
4.183 2.938 0.372 2.8 7.706 6.644 2.454 1.687 2.973 4.735
5.835 4.096 3.232 6.972 2.511 7.037 6.664 7.37 1.222 5.093
2.284 2.319 8.042 1.192 4.509 4.589 5.73 4.085 2.304 2.577
5.481 5.112 5.267 0.304 6.477 8.417 2.087 0.32 3.57 3.821
4.143 3.819 7.305 4.082 0.643 6.858 1.11 0.313 2.536 3.224
