4.535 8.26 7.794 7.501 1.839 3.68 1.38 5.323 6.111 3.227
6.604 3.259 4.035 4.588 7.145 2.38 8.405 5.833 3.21 3.485
1.198 1.089 7.442 7.535 2.0 4.561 6.35 5.782 9.766 3.564
7.024 1.896 1.587 6.556 4.321 3.36 8.212 2.478 7.208 8.062
6.852 6.255 8.303 8.169 3.186 2.63 1.324 8.628 3.519 4.084
6.282 3.123 8.51 6.036 9.121 1.112 5.593 6.813 7.343 5.886
5.697 1.586 3.605 1.661 9.024 4.566 2.226 1.441 6.386 2.454
1.555 9.474 9.206 3.625 4.639 8.65 4.942 6.032 4.086 3.053
1.27 3.141 3.663 9.581 2.545 4.298 1.816 2.51 4.575 3.707
9.867 3.029 4.916 9.857 7.045 9.516 1.417 9.114 2.259 8.425
7.611 6.43 2.742 1.515 9.265 6.066 2.112 3.727 6.818 8.803
4.32 9.636 1.363 9.263 5.594 3.744 4.774 2.642 3.216 6.391
9.361 2.633 5.927 2.767 2.966 4.663 4.595 8.879 3.856 9.072
2.59 7.166 7.338 7.605 7.666 8.494 7.916 5.68 1.502 3.517
6.257 7.641 7.814 1.89 6.486 2.073 5.078 4.427 9.748 4.578
8.42 7.102 4.93 4.92 7.97 7.324 3.216 6.964 5.088 7.605
9.252 5.214 2.783 4.278 4.292 8.774 5.806 8.935 9.828 3.07
5.059 3.348 7.943 5.241 1.537 7.012 5.932 2.047 8.752 1.235
3.337 2.721 7.543 2.184 1.403 7.397 2.22 4.01 4.283 2.518
4.552 1.332 2.257 5.687 8.329 3.465 4.325 5.106 5.075 5.721
