9.022 5.444 9.934 6.585 4.197 8.299 7.349 3.236 7.202 4.753
8.802 9.354 4.909 1.639 4.527 0.618 2.355 2.358 7.565 6.764
3.345 1.847 5.791 2.78 4.071 2.939 1.536 3.048 2.648 1.875
3.344 8.834 5.645 4.838 8.052 0.438 7.423 3.175 5.295 1.286
6.996 1.879 3.563 7.074 5.735 5.581 9.094 6.939 3.326 2.607
4.268 2.545 3.531 0.069 5.117 4.53 8.644 6.246 2.966 2.509
5.742 5.105 0.59 0.166 9.628 0.24 0.138 5.282 6.894 6.668
5.861 4.331 7.985 5.338 1.659 8.027 8.001 0.867 0.573 0.837
7.755 4.788 7.908 0.334 3.267 1.748 8.961 4.895 0.664 5.076
9.202 1.068 5.186 0.918 7.833 1.329 5.637 4.119 1.141 2.361
7.341 7.811 3.807 1.509 2.154 7.694 6.547 9.115 1.81 4.946
1.365 6.661 1.373 8.649 3.477 2.605 1.313 6.238 0.904 3.527
9.382 0.233 9.406 1.899 5.964 2.134 9.348 3.852 9.021 6.146
4.117 8.499 6.472 2.85 0.871 2.596 7.644 4.355 2.276 5.726
8.533 4.735 0.731 7.867 0.459 8.001 4.987 9.219 8.914 9.433
5.615 5.481 4.508 9.737 2.726 3.647 2.455 7.912 5.793 4.376
1.176 1.492 1.339 0.494 7.013 1.988 8.56 2.748 7.119 2.997
2.49 6.788 9.222 8.222 5.058 9.895 9.469 3.29 0.323 1.627
0.656 1.901 1.561 4.134 2.686 5.492 0.233 9.706 7.528 2.375
8.566 9.874 2.982 0.446 8.73 2.422 2.037 3.218 2.394 9.585
