6.024 1.082 3.157 9.674 9.055 4.844 3.495 6.621 2.273 5.665
1.19 7.924 5.041 7.26 6.497 2.693 1.965 9.277 5.112 9.275
3.787 4.565 9.261 1.495 7.143 2.262 4.192 7.867 8.777 1.272
4.717 7.426 3.569 9.129 1.644 3.537 2.194 7.441 6.588 8.266
4.673 5.65 3.711 8.398 7.023 1.347 5.62 7.732 1.482 3.617
3.111 2.257 1.81 9.543 1.741 7.804 3.726 6.864 9.537 6.422
4.214 5.179 3.933 2.622 7.815 3.364 2.819 7.332 7.179 3.895
3.862 7.89 8.535 4.36 7.337 1.669 9.262 3.064 2.097 5.655
9.796 9.096 3.471 4.571 4.183 4.932 9.022 6.002 3.536 2.772
6.769 5.799 1.169 2.036 8.196 2.268 9.641 5.303 8.925 1.965
5.126 2.985 8.987 4.985 3.792 7.279 5.518 2.698 7.61 6.229
8.205 2.317 7.428 6.613 7.851 5.295 6.515 2.274 5.731 1.139
1.221 1.002 1.269 7.193 4.689 7.896 7.544 5.432 3.28 5.51
5.705 3.951 1.619 3.877 4.014 1.229 7.045 4.792 9.146 1.033
2.565 6.247 4.474 9.138 6.602 5.604 7.745 7.329 9.714 2.047
1.438 3.867 5.351 1.355 2.146 7.697 6.943 8.97 7.706 1.679
8.494 6.019 7.958 2.941 6.181 6.331 1.267 2.871 1.891 3.876
3.638 3.244 8.96 4.163 4.701 2.692 9.795 2.607 9.455 4.411
4.761 9.468 6.021 2.252 6.314 4.306 8.515 1.391 1.847 9.028
9.968 8.035 3.823 2.188 2.216 8.198 5.928 2.815 7.879 4.757
